3.052486
3.052872
3.053259
3.053646
3.054032
3.054419
3.054805
3.055190
3.055573
3.055956
3.056338
3.056718
3.057096
3.057472
3.057845
3.058217
3.058585
3.058951
3.059314
3.059673
3.060029
3.060381
3.060730
3.061074
3.061414
3.061750
3.062081
3.062407
3.062728
3.063044
3.063354
3.063659
3.063958
3.064251
3.064538
3.064818
3.065092
3.065359
3.065619
3.065872
3.066117
3.066355
3.066586
3.066809
3.067023
3.067230
3.067428
3.067617
3.067798
3.067970
3.068133
3.068286
3.068430
3.068565
3.068690
3.068805
3.068909
3.069004
3.069088
3.069161
3.069224
3.069276
3.069316
3.069346
3.069364
3.069370
3.069365
3.069348
3.069319
3.069278
3.069224
3.069158
3.069079
3.068988
3.068883
3.068766
3.068635
3.068491
3.068333
3.068161
3.067976
3.067777
3.067564
3.067336
3.067095
3.066838
3.066567
3.066281
3.065980
3.065665
3.065333
3.064987
3.064625
3.064248
3.063854
3.063446
3.063020
3.062579
3.062122
3.061648
3.061158
3.060651
3.060127
3.059587
3.059030
3.058455
3.057863
3.057254
3.056628
3.055984
3.055322
3.054642
3.053945
3.053229
3.052495
3.051744
3.050973
3.050184
3.049377
3.048551
3.047707
3.046843
3.045960
3.045059
3.044138
3.043198
3.042238
3.041259
3.040261
3.039242
3.038204
3.037146
3.036068
3.034970
3.033852
3.032714
3.031555
3.030376
3.029176
3.027956
3.026716
3.025454
3.024171
3.022868
3.021544
3.020198
3.018831
3.017444
3.016034
3.014604
3.013152
3.011678
3.010183
3.008666
3.007127
3.005566
3.003983
3.002379
3.000752
2.999104
2.997433
2.995740
2.994024
2.992286
2.990526
2.988743
2.986938
2.985110
2.983259
2.981386
2.979490
2.977570
2.975628
2.973664
2.971675
2.969665
2.967630
2.965573
2.963492
2.961389
2.959262
2.957111
2.954937
2.952740
2.950519
2.948275
2.946007
2.943715
2.941400
2.939061
2.936699
2.934312
2.931902
2.929468
2.927010
2.924528
2.922023
2.919493
2.916939
2.914361
2.911760
2.909134
2.906484
2.903810
2.901112
2.898390
2.895643
2.892872
2.890077
2.887258
2.884414
2.881547
2.878654
2.875738
2.872797
2.869832
2.866843
2.863829
2.860790
2.857728
2.854641
2.851530
2.848394
2.845233
2.842049
2.838840
2.835606
2.832348
2.829066
2.825759
2.822428
2.819072
2.815692
2.812288
2.808859
2.805405
2.801928
2.798425
2.794899
2.791348
2.787773
2.784173
2.780550
2.776901
2.773229
2.769532
2.765811
2.762066
2.758296
2.754502
2.750684
2.746842
2.742976
2.739085
2.735171
2.731232
2.727270
2.723283
2.719272
2.715238
2.711179
2.707097
2.702991
2.698860
2.694706
2.690529
2.686327
2.682102
2.677853
2.673581
2.669285
2.664965
2.660622
2.656256
2.651866
2.647453
2.643016
2.638556
2.634073
2.629567
2.625038
2.620486
2.615910
2.611312
2.606691
2.602046
2.597380
2.592690
2.587978
2.583243
2.578485
2.573705
2.568902
2.564078
2.559231
2.554361
2.549469
2.544556
2.539620
2.534662
2.529682
2.524681
2.519657
2.514612
2.509546
2.504458
2.499348
2.494217
2.489064
2.483891
2.478696
2.473480
2.468243
2.462985
2.457706
2.452407
2.447087
2.441746
2.436384
2.431003
2.425601
2.420179
2.414736
2.409274
2.403791
2.398289
2.392767
2.387225
2.381664
2.376083
2.370483
2.364863
2.359225
2.353567
2.347890
2.342194
2.336480
2.330747
2.324995
2.319225
2.313437
2.307630
2.301805
2.295962
2.290101
2.284223
2.278327
2.272413
2.266481
2.260533
2.254567
2.248584
2.242584
2.236567
2.230534
2.224483
2.218417
2.212334
2.206235
2.200119
2.193988
2.187841
2.181678
2.175499
2.169305
2.163096
2.156871
2.150632
2.144377
2.138108
2.131824
2.125525
2.119213
2.112885
2.106544
2.100189
2.093820
2.087437
2.081041
2.074631
2.068208
2.061773
2.055324
2.048862
2.042388
2.035901
2.029402
2.022890
2.016367
2.009832
2.003285
1.996726
1.990156
1.983575
1.976983
1.970380
1.963766
1.957142
1.950507
1.943862
1.937206
1.930541
1.923866
1.917181
1.910488
1.903785
1.897072
1.890351
1.883621
1.876883
1.870136
1.863381
1.856617
1.849846
1.843068
1.836282
1.829488
1.822688
1.815880
1.809066
1.802245
1.795418
1.788584
1.781745
1.774900
1.768049
1.761193
1.754331
1.747465
1.740593
1.733717
1.726836
1.719952
1.713063
1.706170
1.699273
1.692374
1.685470
1.678564
1.671655
1.664743
1.657829
1.650913
1.643994
1.637074
1.630152
1.623228
1.616304
1.609378
1.602452
1.595525
1.588598
1.581671
1.574743
1.567816
1.560890
1.553965
1.547040
1.540116
1.533194
1.526274
1.519355
1.512439
1.505525
1.498613
1.491705
1.484799
1.477897
1.470997
1.464102
1.457211
1.450324
1.443441
1.436563
1.429690
1.422821
1.415959
1.409102
1.402250
1.395405
1.388566
1.381734
1.374908
1.368090
1.361279
1.354475
1.347680
1.340892
1.334113
1.327342
1.320580
1.313827
1.307084
1.300350
1.293626
1.286912
1.280208
1.273515
1.266833
1.260162
1.253503
1.246855
1.240219
1.233596
1.226985
1.220386
1.213800
1.207228
1.200670
1.194125
1.187594
1.181078
1.174576
1.168090
1.161618
1.155162
1.148721
1.142297
1.135889
1.129498
1.123123
1.116766
1.110426
1.104104
1.097800
1.091514
1.085246
1.078998
1.072769
1.066559
1.060369
1.054199
1.048049
1.041921
1.035812
1.029725
1.023660
1.017617
1.011596
1.005596
0.999620
0.993667
0.987737
0.981831
0.975949
0.970091
0.964258
0.958449
0.952665
0.946908
0.941176
0.935470
0.929790
0.924137
0.918511
0.912913
0.907343
0.901800
0.896285
0.890800
0.885343
0.879916
0.874518
0.869150
0.863812
0.858505
0.853229
0.847984
0.842771
0.837589
0.832440
0.827323
0.822240
0.817189
0.812172
0.807189
0.802240
0.797326
0.792447
0.787603
0.782795
0.778022
0.773286
0.768586
0.763924
0.759298
0.754711
0.750161
0.745650
0.741177
0.736744
0.732350
0.727995
0.723681
0.719407
0.715174
0.710982
0.706832
0.702724
0.698658
0.694634
0.690654
0.686716
0.682823
0.678973
0.675168
0.671408
0.667693
0.664023
0.660400
0.656822
0.653292
0.649808
0.646371
0.642983
0.639642
0.636350
0.633107
0.629913
0.626769
0.623675
0.620631
0.617638
0.614696
0.611806
0.608967
0.606181
0.603448
0.600767
0.598141
0.595568
0.593049
0.590585
0.588176
0.585822
0.583524
0.581282
0.579097
0.576969
0.574899
0.572886
0.570931
0.569035
0.567198
0.565421
0.563703
0.562045
0.560448
0.558912
0.557438
0.556025
0.554675
0.553387
0.552163
0.551001
0.549904
0.548871
0.547903
0.547000
0.546162
0.545391
0.544686
0.544047
0.543476
0.542973
0.542537
0.542171
0.541873
0.541644
0.541485
0.541397
0.541379
0.541432
0.541557
0.541753
0.542022
0.542364
0.542779
0.543268
0.543831
0.544468
0.545180
0.545968
0.546832
0.547772
0.548788
0.549882
0.551054
0.552303
0.553631
0.555038
0.556525
0.558091
0.559738
0.561465
0.563274
0.565165
0.567137
0.569192
0.571330
0.573552
0.575857
0.578247
0.580722
0.583282
0.585928
0.588661
0.591479
0.594386
0.597379
0.600461
0.603632
0.606891
0.610240
0.613680
0.617209
0.620830
0.624542
0.628345
0.632242
0.636231
0.640313
0.644489
0.648759
0.653125
0.657585
0.662141
0.666793
0.671542
0.676388
0.681332
0.686374
0.691514
0.696754
0.702093
0.707533
0.713073
0.718714
0.724456
0.730301
0.736248
0.742298
0.748452
0.754710
0.761073
0.767540
0.774113
0.780793
0.787578
0.794471
0.801471
0.808580
0.815797
0.823123
0.830559
0.838105
0.845761
0.853529
0.861408
0.869399
0.877503
0.885721
0.894052
0.902497
0.911057
0.919732
0.928524
0.937431
0.946455
0.955597
0.964857
0.974234
0.983731
0.993347
1.003083
1.012941
1.022918
1.033018
1.043239
1.053583
1.064051
1.074642
1.085357
1.096197
1.107163
1.118254
1.129472
1.140816
1.152289
1.163889
1.175618
1.187476
1.199463
1.211582
1.223830
1.236210
1.248721
1.261366
1.274143
1.287054
1.300098
1.313278
1.326592
1.340043
1.353629
1.367353
1.381213
1.395213
1.409350
1.423626
1.438042
1.452599
1.467296
1.482135
1.497115
1.512238
1.527504
1.542914
1.558468
1.574166
1.590010
1.606001
1.622137
1.638420
1.654851
1.671430
1.688159
1.705037
1.722064
1.739242
1.756571
1.774053
1.791686
1.809472
1.827411
1.845506
1.863754
1.882158
1.900717
1.919432
1.938306
1.957336
1.976525
1.995872
2.015380
2.035047
2.054874
2.074862
2.095013
2.115326
2.135802
2.156441
2.177245
2.198213
2.219348
2.240647
2.262114
2.283747
2.305550
2.327520
2.349658
2.371967
2.394446
2.417097
2.439918
2.462912
2.486078
2.509418
2.532933
2.556621
2.580484
2.604523
2.628741
2.653134
2.677704
2.702453
2.727381
2.752490
2.777778
2.803247
2.828897
2.854731
2.880746
2.906945
2.933327
2.959895
2.986649
3.013587
3.040713
3.068025
3.095525
3.123216
3.151093
3.179161
3.207419
3.235870
3.264511
3.293345
3.322371
3.351591
3.381008
3.410617
3.440422
3.470423
3.500622
3.531020
3.561614
3.592407
3.623400
3.654594
3.685988
3.717584
3.749381
3.781382
3.813588
3.845996
3.878609
3.911428
3.944455
3.977686
4.011126
4.044774
4.078630
4.112698
4.146974
4.181461
4.216160
4.251071
4.286197
4.321535
4.357087
4.392854
4.428838
4.465037
4.501453
4.538087
4.574939
4.612012
4.649303
4.686815
4.724547
4.762502
4.800681
4.839081
4.877705
4.916554
4.955630
4.994930
5.034457
5.074211
5.114193
5.154407
5.194848
5.235518
5.276420
5.317553
5.358922
5.400520
5.442352
5.484419
5.526723
5.569262
5.612036
5.655047
5.698297
5.741788
5.785516
5.829484
5.873693
5.918145
5.962838
6.007773
6.052953
6.098377
6.144048
6.189963
6.236125
6.282534
6.329190
6.376099
6.423254
6.470660
6.518316
6.566227
6.614388
6.662801
6.711469
6.760391
6.809572
6.859006
6.908697
6.958645
7.008852
7.059320
7.110046
7.161032
7.212279
7.263792
7.315564
error
